0.7169295187849698
0.5427296801548727
0.9395282166487787
0.22282061702343925
0.32684518218368475
0.9892349540723216
0.4642935022228072
0.5451653704757567
0.010457373790050628
0.6384935493382976
0.8363793347416248
0.6579379293401775
0.5506841301729073
0.4194123591719142
0.9192231894311581
0.800414125317078
0.38035099625200564
0.7477728180516126
0.1868345211750596
0.7277833466465813
0.7404257661204154
0.3542722488337351
0.9630902112147667
0.0660442692897375
0.7620995119615551
0.09170674756578823
0.34725642728810946
0.6045343230040644
0.4106898147758562
0.41488618737072636
0.25020145166186125
0.19740752822443797
0.8395896548233951
0.88000550928522
0.29761334324191846
0.3809425717780911
0.6144499303312853
0.6976778328044769
0.3258320160672654
0.14373124126756254
0.553193442983462
0.770588854916656
0.3770185717455473
0.3901520677991568
0.4199954877155425
0.32182833584437454
0.7222765609595103
0.7907080302819103
0.5748860535456265
0.972124818799962
0.4627178330895898
0.12079294430670251
0.4991720756366046
0.9515660904177388
0.26989555749341787
0.6795908153263392
0.457553368783969
0.12167599999122247
0.2547978755539986
0.5687135677749846
0.10428856842057577
0.8869665420476623
0.42279688267291304
0.3161845818714354
0.07347119183075512
0.1382403252842106
0.5249755857616977
0.8617000984298149
0.3356175022978054
0.9752512818141913
0.8349221154508206
0.29691677921963444
0.3101182926583099
0.02426617812770282
0.8966846980581865
0.4396271708092119
0.4670931191632268
0.24395368251245464
0.20336339968345252
0.6623875259858806
0.4816423857712169
0.3310656001028478
0.9561865415828674
0.09649022332812973
0.9727394215317284
0.425109175201684
0.5044266179185912
0.16825200773824944
0.0461857720472707
0.3288127106123865
0.309393611371771
0.9626126166569967
0.9886559284295211
0.639978672408542
0.3811658095715881
0.8056894093895813
0.13205308424077677
0.29274933190644914
0.5903981113054652
0.7453687690322948
0.21389479502927655
0.015023514405121619
0.4060480015244793
0.8768126157929741
0.047831316022278414
0.43164128138414093
0.038083090806167896
0.00011334330531875825
0.9835321735489058
0.9902399855937717
0.1171453674587648
0.5962480195722826
0.48447445421864277
0.7949767227227801
0.9680871451797836
0.02352135340489092
0.8786919290358505
0.28427764890472607
0.7707424960250281
0.38605646911976654
0.8853835425609513
0.9482803172937548
0.3985660879824525
0.3473058879294383
0.3072694141121032
0.5755841794628751
0.46930999513557026
0.7102285240667471
0.41052385480372555
0.8079205279316032
0.4455769432992007
0.548741459562672
0.9462262871174808
0.4843040984367798
0.9856144321987753
0.6078466025111133
0.28227518565483667
0.2468611162444253
0.3934414032658956
0.5717936810394412
0.5013815632073051
0.5265139520206538
0.2055059345848469
0.6567667966049736
0.40757245529504504
0.5016855036466668
0.924897322007117
0.765476876901369
0.5152237934085228
0.39195019004276244
0.15366745533258175
0.7249399767430843
0.5083020482385475
0.8578363392462246
0.1327853238641875
0.45459109860437985
0.9991117702589186
0.2505897316579635
0.3726737075162958
0.8929945693467882
0.5477111806513031
0.40035723750014995
0.06686451921865744
0.20890307242769912
0.9916594427145616
0.547153491223908
0.9782893243674081
0.5636746371972373
0.07303335744038819
0.038527949794452065
0.5588289540926475
0.824824491030781
0.6810209527454253
0.22477952592161454
0.5887316173094415
0.6203868760864917
0.5421735809903424
0.0025763253774477857
0.4584279185708168
0.2665450342981941
0.27951517485280575
0.5561252112191077
0.11443977590187704
0.32232406827746485
0.6731571885602048
0.3725375120505421
0.7101006849560026
0.21394235752509805
0.15650619598517646
0.1917727629435647
0.65210022476929
0.3967096020647616
0.9609414277347923
0.7649234520402629
0.7393014109463925
0.942691264038177
0.3300541775264453
0.5177747222610868
0.08463760420952071
0.19658195084941044
0.6438479276281435
0.7442493441307646
0.247745006199656
0.5675636870977087
0.7375318040324201
0.40918995305178996
0.855525706652608
0.11265122010806516
0.5248725750121729
0.4426940369712029
0.5879415332156596
0.4754375623236018
0.7391802944169555
0.08094781719466948
0.6928346404773061
0.17540121899824967
0.4240474320548533
0.04919567583422069
0.25949749947294587
0.23881279118078402
0.5790618724074661
0.503747330797162
0.9815519001881882
0.9998496640879305
0.650477235571287
0.40357948597228344
0.6219202556553773
0.2837449342228081
0.957820896502233
0.25491776098624297
0.4575597756177774
0.4626060134501483
0.7244643136113407
0.24444565970015142
0.5550807759236907
0.508322395637294
0.5474682133633064
0.5831585694116259
0.800623917913108
0.42825448188873216
0.6887346438158722
0.41464184177801144
0.5326091159287303
0.4009418716374945
0.8690724158113702
0.7480262207877652
0.03867942203822072
0.5087047307894847
0.878562365807435
0.3968086114245031
0.9298892767823074
0.052460325557615595
0.5095460722310606
0.6642156870987161
0.20859045966845335
0.7338675726182301
0.34131936626008974
0.6663435209904072
0.37240476382310106
0.8238094985316597
0.41297883064384355
0.5346874084961157
0.8760109417063148
0.40267764108956683
0.10246658229746997
0.3122245351274925
0.771961397044611
0.9315498334743987
0.7590540403566501
0.09853168366689558
0.7620412401279487
0.8104433018994642
0.023905316220438122
0.7897763699436222
0.7174662398933184
0.6021161211565064
0.8363574514599377
0.30334045258954534
0.42202851488879367
0.28034709572797356
0.3152401043002908
0.6657768742790133
0.9440348048637462
0.2932836006465849
0.609410328822974
0.771412494569732
0.625371336526301
0.5105200710768567
0.8933557921473051
0.03878899864924934
0.5075797982325565
0.46331126495318364
0.7626056377239476
0.8496344095686944
0.15082961153331564
0.11371618516860649
0.759375891449814
0.933398596172815
0.14377369322403866
0.6535254823664237
0.6252128141049077
0.3858904185791975
0.8252370668800239
0.04897576677492255
0.22612184413868652
0.4981976198810263
0.05530755467060178
0.5870902657216591
0.9330602855875302
0.4511923034275319
0.8020979671727342
0.6846996256272921
0.13208561615641357
0.7178263474935633
0.48831878387224614
0.8806000201836888
0.6435794942134307
0.6935380116689676
0.08394196823361355
0.8078790649246619
0.3603427380824886
0.7240163455044041
0.711155031974412
0.9676761549762771
0.9498267877399355
0.04960573483524966
0.008976116843141146
0.20249384225111833
0.2080571209345926
0.044238283592032634
0.3789437965998492
0.8066753772374263
0.7937424144395199
0.37750595249663876
0.4671043759336305
0.49811025639388185
0.9361387483539858
0.005627603794734037
0.05880224193495831
0.8748588445868032
0.16638373328714362
0.6582015726336372
0.1945093407142392
0.909157946692561
0.7709336783512641
0.9704017195467144
0.59302974946206
0.6541014774425657
0.7909171727873765
0.21516301565406637
0.49110144234981934
0.35546461802294405
0.9963343993287318
0.23751077371810625
0.8883148252518729
0.6490643409219771
0.40219664640233654
0.2878926517218505
0.7024207418801274
0.6140187119272422
0.12913640533369763
0.8729797514608902
0.15467751540156627
0.06103132687279478
0.34690410985188846
0.2753501744958987
0.8935236984956327
0.39121179392702354
0.9823405979869941
0.8972211421959992
0.09950228709566689
0.48715525898683243
0.15552862127681566
0.7695448841499939
0.8154973160199395
0.07827397119604151
0.27423480180088877
0.3332894632095317
0.1464291884643979
0.8528298716619216
0.04224284367951037
0.8918516298932042
0.28748867632813757
0.817416888504813
0.774408752517357
0.1497300417006845
0.6806260844954737
0.8043699967558964
0.3873558090974416
0.7979570413393223
0.6830085199770276
0.13776136031509512
0.8195662066460405
0.9161876894560845
0.5796874479073149
0.4833901151252513
0.4779624762019019
0.18592394568991455
0.5599717272469732
0.2487551874255406
0.9357407246212901
0.17772258601473911
0.3782542735843837
0.1655694850230206
0.925500270698262
0.9532459855014095
0.1280281930425261
0.36939127918234593
0.3568327437390434
0.45298484160352415
0.6446767441835362
0.39590530898356124
0.6762643978098399
0.26291852846572417
0.61320796384736
0.10654270489265072
0.3912766152477968
0.9682906967940473
0.48862894113474575
0.4556216956393365
0.10301464151009476
0.7291208632852397
0.3330359868363312
0.9325214715515433
0.28031477075472033
0.9109987887692204
0.485339242856355
0.6149067319292378
0.14085180147793963
0.7353918030691842
0.6496708830473883
0.6385120412293279
0.012832006977127608
0.01921491943501097
0.5151201726412028
0.28867968367557595
0.28829130080373655
0.7179402790649392
0.5919846672671898
0.8185931046133357
0.4835802615697733
0.456945679281885
0.8119474976062802
0.8107112218272774
0.21963149382884262
0.6088237148737055
0.6756998606098876
0.9244730432787862
0.8564661631141327
0.4755908628218918
0.3123038633711692
0.23201227230855603
0.09229997924772682
0.7890316453518585
0.810601155035533
0.6133717482468279
0.7878236776021285
0.21943879348539463
0.3153712569698085
0.8813106920152709
0.94228261576288
0.9177867463737029
0.4090831507366832
0.9265988539272377
0.1415982011422362
0.7659758850097536
0.2446453603467238
0.6198779741798053
0.7543575134648399
0.3501140795863892
0.27924858663193
0.7728038099895503
0.9778265215547158
0.15591250047440364
0.6543171892516245
0.9495321578666839
0.8244816867745721
0.401478748427586
0.5024748923720431
0.07690728914476075
0.2652232893962543
0.7435593451033985
0.9144171346710808
0.6983950357828893
0.0024858046179440096
0.8248337590730407
0.4525045321864055
0.6946947810471104
0.43632635685958243
0.6883341633775626
0.9549507887111733
0.3301977281112026
0.38231476131458064
0.0009973982274736892
0.7327613298745638
0.38068330339113676
0.7400546416219161
0.9281732735296753
0.7688444992953497
0.07046903383195957
0.6073286571763276
0.8690382945026565
0.11800404699258404
0.3343934490791596
0.42991027042410657
0.8399500156520693
0.15082726765974264
0.36111448458688267
0.2650888377257219
0.3385489258917863
0.5658886341333614
0.1379420638943507
0.2382974071469658
0.6165150889682205
0.34854225966419394
0.032679342295116265
0.3311649469317801
0.9327048906221744
0.5127023048099394
0.27656371237914745
0.8287714884107761
0.8063482681226722
0.6996681728492099
0.15878921501062926
0.07293254661333604
0.11170071055808595
0.5873974756145278
0.26610091655689005
0.6636060361723988
0.06256253780202148
0.35433358637825174
0.5329846292688661
0.5582937666713328
0.4171916787439123
0.24749476339169452
0.13099023829295076
0.902157425300823
0.9769701566233263
0.15642987961550836
0.3733733627960557
0.07056592955230534
0.09132262231770416
0.8074089108868275
0.14704855542061113
0.09413707701634422
0.29202555355307735
0.19139119361195744
0.5552151983495052
0.34051187540708006
0.1373349366559934
0.14013172187343836
0.7230565774710304
0.04642256237864184
0.7962018653624187
0.6658677591859533
0.9011942350791899
0.555632574002788
0.4505057454266427
0.9992672799317605
0.547234354088681
0.36222404812745335
0.8729376956525767
0.8460728099958033
0.5280947857802387
0.7367421391039407
0.13666303177217665
0.9324704074500154
0.6593621758744819
0.3817396580632212
0.5954893730629642
0.15512835303866368
0.12991992070069514
0.7517047108459741
0.33006638718909
0.9596561864401497
0.42756259255786566
0.8827490082769441
0.38114673526119625
0.12988983300553048
0.015755454400398494
0.289321350985534
0.08696204199737179
0.2772217385611575
0.10022949302336137
0.3659384322280902
0.07519705785925279
0.461696567897784
0.31478805847036995
0.1082091926141634
0.8099913278110961
0.962503401345631
0.9830351937435413
0.33530927885795914
0.9325443668515239
0.8973940052558981
0.2934231698201929
0.9774043152981546
0.38771342816582044
0.6543901013186881
0.1526896513291831
0.7912151850321346
0.985041691289236
0.8250422525501016
0.41943844746002623
0.35064169351733665
0.993722530393765
0.2614225095505963
0.7925168231392209
0.44763021698749683
0.28121249733859166
0.8727023562686216
0.8743276002845863
0.694015732313262
0.3566383415157671
0.6186275122019526
0.3827177973027458
0.421023152073434
0.8689600504581396
0.5057604149164502
0.6300795974283601
0.717037584784711
0.11573338035766856
0.3389976476103337
0.2664680692286123
0.8301545565240661
0.04411472759672508
0.7226431021782302
0.3832856361680552
0.3313109108828698
0.5631153938772008
0.3086314676014664
0.9667097187546182
0.48354829155225665
0.033447290440495436
0.25042765031899605
0.5797102445025987
0.6378062248920396
0.5102055281069608
0.9021357268085364
0.7810634517778655
0.02426418758191007
0.4923976972495919
0.30259632518514
0.7092397503523995
0.4338871123112076
0.7703503453484073
0.604856546668863
0.17070913746255545
0.664760409961261
0.9576957014295463
0.9969068111909387
0.3167812483094943
0.09385929583968766
0.29377567840068686
0.23028806938307445
0.5113063837065086
0.24593374767679033
0.17401106765174046
0.6969148532438451
0.5250505048476181
0.8177630975835299
0.5268303400863263
0.24212321217627475
0.06470056932728374
0.1494643699396454
0.23348480300436136
0.14394286871764506
0.47353372043015185
0.5101512501711689
0.1084021875790433
0.4060913744756297
0.6834766338903235
0.858471531436824
0.9908833331265372
0.12840582382418964
0.5492458713357498
0.302053950836053
0.6121853513379416
0.16094746767396872
0.02678963605583784
0.27295853037155626
0.668023908422175
0.43476237977155685
0.7767022324844951
0.7429292234250292
0.2923149541307296
0.5053346286237036
0.26804124860499234
0.690318969744046
0.021073675281485182
0.8144621506498472
0.5347697151183761
0.8776045201795423
0.48103485822864367
0.1254890082938518
0.7911753211022322
0.5642928781609171
0.42415309392666545
0.9106092030022298
0.16164391069112216
0.037182888763055644
0.7162121944584697
0.9029547611298481
0.2793306736886352
0.23433210221669554
0.37782559502409596
0.13651665963701776
0.587812258902675
0.6085480315609789
0.6673146701218376
0.47420308672896627
0.1786392189921926
0.305472474667727
0.3182839934405758
0.0614396416787798
0.40625271114552064
0.5196462954686818
0.33416760768461085
0.16098375496989947
0.3971589432308055
0.9054995309468301
0.8331865938845027
0.3557950803338955
0.9378282828516249
0.02556265978038863
0.24803485538119285
0.13647831431854274
0.0045112927180880336
0.6100886699085077
0.7550096326156644
0.2978678367839168
0.824441804582408
0.6783053265058686
0.7470963216674602
0.7381925500879984
0.31255188380530086
0.07031359645682811
0.32833491334979226
0.9284405714501498
0.19114982884688037
0.6657852935195766
0.7536388816605452
0.8522869252577092
0.10111189412138644
0.6252389230409621
0.20207021885124998
0.7909860945677359
0.5016377900098152
0.5527889714879438
0.46687142848642826
0.20950429261630932
0.6306622035908308
0.3408828332283611
0.9251515325209696
0.8580708118484615
0.6535550215501857
0.2193543186891198
0.5213771358164845
0.38395674195012974
0.4519568242291382
0.6461699061528053
0.7329944225021026
0.7434533996242981
0.44511059673123843
0.9360010720582219
0.5899771999235767
0.6173194910902154
0.741120041881083
0.7436456339900713
0.13856874711529177
0.08222959082383241
0.5659828647697469
0.9213253505512813
0.47793016474813765
0.18600886539167028
0.06409617021300595
0.5762297034193612
0.8171061113354855
0.7137556687902282
0.8883252468399062
0.8145885287103262
0.04922888166209505
0.33323832884920057
0.6534594345613678
0.31099207335379364
0.3502775135509466
0.42586572782364507
0.37324078770757807
0.9596789295018323
0.6705311217426706
0.20639730601532535
0.6387049032278777
0.9253427693184051
0.7090147167815186
0.6970600370779765
0.1412035294811138
0.3087860283025968
0.04416223746135217
0.027032012376589698
0.09083169691066828
0.8244800921820741
0.38475076271557374
0.298678830723899
0.7198990940224095
0.7222769631099891
0.9726022409096055
0.31752651700798773
0.25925051360317086
0.8901631694005879
0.9329019512487556
0.6895857238750474
0.9925490861764553
0.6758943488651924
0.9895371169794982
0.16640933624135446
0.8633762528164002
0.5675666697642092
0.25140882050236024
0.5177759684038145
0.8742477740713008
0.8592305068174095
0.10758247449364455
0.2199263256739281
0.7481375461117044
0.7448319929686535
0.6626517330160583
0.9284202585982988
0.026477937498028292
0.6819577929927497
0.01979769724992464
0.6937310819610479
0.36682477193658336
0.8660253219666726
0.5797798051915478
0.6869342697368008
0.920218679428783
0.8515895817616627
0.03795497016574967
0.6135121313658444
0.7719512891027982
0.10759640415926441
0.9497351905049132
0.7978060082922982
0.2625498888399087
0.21646039201377898
0.0402991188992351
0.6287862893691832
0.9089238734054774
0.5146740744630222
0.9354573370315739
0.9490132884114262
0.2034770440314353
0.3381820161742476
0.5627648947097427
0.26625907637221025
0.4374980778708024
0.02489107871317986
0.6532498188597006
0.715588792100035
0.5145689667822632
0.3075327011448751
0.5490465079403039
0.5528137316007409
0.32162132650076347
0.3500611133117635
0.18274139071862716
0.4075230497696024
0.5638610966147333
0.5946742948873861
0.826857366748427
0.8082919013222217
0.15421495209652014
0.7761138833761443
0.20114316055622428
0.931095028050291
0.05682650747074958
0.30388832530669485
0.14487035892341849
0.4438972140326183
0.8919432198680942
0.08479964128120832
0.39463163008933466
0.22935540511982322
0.4491792178331331
0.6994705526250206
0.6833397882692047
0.5706497302079259
0.8526949861614426
0.5061718866071073
0.021202837847425382
0.4606611049733823
0.300694713421526
0.9308934779492968
0.6307413116057486
0.4044118428731096
0.8792332943371225
0.7187945081534831
0.9630548456132191
0.1475439500524376
0.23991191101693854
0.47950438064385037
0.587976375239255
0.18098014807564033
0.2101227711120054
0.9341580464671376
0.38702169544062803
0.9171367596493945
0.23241833434561843
0.3531562345689351
0.010292357355530135
0.24424480270085502
0.3978629297286127
0.8749395379248223
0.5333737622426117
0.05175621322889368
0.34010782363868175
0.46165751380626785
0.05487929175205786
0.77534189413655
0.2668309677006496
0.728026547200406
0.3781825400740444
0.7144034086134706
0.8244523803267004
0.40211734626483
0.01973291083635076
0.08541612959518008
0.5796073084350104
0.3918364541130468
0.7488819915640299
0.026894917205976254
0.5067904687314951
0.15753870297566097
0.4688319456169566
0.45673293824897954
0.022998778514319862
0.7316084334891554
0.31043306826514994
0.6802394777909472
0.8953965098938774
0.9464735782143426
0.8490849803960784
0.5179912370845517
0.23476997700848845
0.9013593034729923
0.14248099098367173
0.892008787126056
0.5313285493723885
0.1274480533770801
0.6176300079883872
0.0727739641092604
0.01400109876134592
0.7086189944599028
0.2347521625906771
0.7958613973393988
0.4137995004046373
0.6472300902629672
0.33416487877195034
0.18797588727579462
0.7023517454304098
0.9687889571132589
0.33413567744816797
0.9638921182079354
0.7683209795082682
0.7630234663538956
0.9488346701030985
0.9699126112281685
0.6513765079360608
0.2586785772304111
0.3388437595215552
0.25151287908313824
0.7322629927481863
0.5551736854658504
0.8142883317162375
0.4033323425035238
0.45330230266072946
0.8438403414054158
0.7295502502603931
0.764782688938187
0.9481991170766252
0.23625373445860098
0.8641087865605643
0.13190186874772591
0.1466674878411467
0.9480134960465313
0.9535315833213721
0.571674335086762
0.3195799169954028
0.5730639148511955
0.08191965114130506
0.9144542479579317
0.975710886209394
0.6031520623902394
0.33819888547730403
0.6803518415802798
0.3308350993648844
0.7512686289750926
0.7942935852875561
0.2440769952749331
0.5894034002680496